99 785 310 152 698 620 486 984 202 491
280 408 514 669 552 213 932 688 723 697
482 129 406 748 187 180 885 123 594 717
369 890 13 729 934 198 183 794 665 212
315 44 36 690 379 936 34 773 913 903
730 612 797 70 624 732 533 916 404 25
618 368 23 774 615 850 63 141 412 159
243 31 775 53 985 18 440 843 320 938
132 633 248 639 770 988 604 346 23 949
391 42 536 99 683 779 718 968 661 193
418 286 107 897 971 781 663 423 448 415
355 33 940 605 857 443 366 131 73 47
457 558 978 97 112 378 924 359 662 208
425 353 389 489 800 361 142 563 687 788
614 438 452 145 853 945 420 201 26 864
8 598 304 863 458 876 847 218 195 632
947 67 160 109 105 771 113 294 302 512
737 115 546 521 660 666 109 640 429 295
758 880 804 348 175 965 134 882 646 754
266 623 667 32 862 454 509 568 668 979