6  9
2  8
8  0
4  6
6  4
8  0
4  0
4  2
4  5
8  8
4  2
0  0
4  2
8  7
4  6
0  9
4  7
5  1
4  5
3  5
6  6
0  6
2  3
4  6
4  2
4  4
4  7
4  0
2  5
8  6
4  4
0  6
4  5
2  2
6  4
8  6
4  1
4  6
0  0
0  4
6  0
2  3
4  1
4  8
4  5
4  4
6  4
8  1
8  7
4  3
8  9
4  4
0  7
8  9
8  7
4  3
2  7
2  2
3  8
3  4
4  6
4  6
2  1
6  2
8  9
8  0
6  4
2  8
2  7
2  3
6  9
2  8
8  7
4  7
2  0
2  2
0  4
8  1
2  1
4  4
4  1
2  5
4  4
8  0
0  5
4  6
4  2
2  8
3  5
2  0
2  2
2  1
4  3
4  5
4  7
8  3
4  5
2  1
8  3
0  5
0.14